Monospace
0
12
D 13158600 7960953 6974058 4210752
G 14342874 8224125 7500402 3815994
H 14342874 8224125 6974058 3947580
N 11974326 8224125 7500402 3684408
O 14342874 7960953 7500402 4210752
Q 14342874 7960953 7500402 3947580
U 14342874 8224125 6974058 3947580
Z 14935011 7434609 7237230 4342338
w 15527148 8224125 6710886 3947580
Ð 13158600 7960953 6118749 4210752
Ñ 10132122 6908265 7500402 3684408
Ò 14342874 7434609 7500402 4210752
Ó 14342874 7434609 7500402 4210752
Ô 13750737 7434609 7500402 4210752
Õ 12566463 6645093 7500402 4210752
Ö 13750737 7697781 7500402 4210752
Ø 14342874 7171437 6710886 4079166
Ù 13750737 7960953 6974058 3947580
Ú 13750737 7960953 6974058 3947580
Û 13750737 7697781 6974058 3947580
Ü 13750737 7960953 6974058 3947580
Ď 11974326 7434609 6974058 4210752
Đ 13158600 7960953 6118749 4210752
Ĝ 13750737 7434609 7500402 3815994
Ğ 13750737 7434609 7500402 3815994
Ġ 14342874 7960953 7500402 3815994
Ģ 14342874 8224125 7500402 3421236
Ĥ 13750737 7697781 6974058 3947580
Ń 11382189 7960953 7500402 3684408
Ņ 11974326 8224125 7500402 3355443
Ň 11382189 7697781 7500402 3684408
Ŋ 13158600 7697781 7500402 3947580
Ō 13750737 7434609 7500402 4210752
Ŏ 13158600 7171437 7500402 4210752
Ő 14342874 6908265 7500402 4210752
Ũ 13158600 7171437 6974058 3947580
Ū 13750737 7697781 6974058 3947580
Ŭ 13158600 7434609 6974058 3947580
Ů 11974326 7171437 6974058 3947580
Ű 13158600 7697781 6974058 3947580
Ų 14342874 8224125 6381921 3815994
ŵ 14935011 7697781 6710886 3947580
Ź 14342874 7171437 7237230 4342338
Ż 14342874 7434609 7237230 4342338
Ž 13750737 6908265 7237230 4342338
Ɓ 12566463 7960953 6381921 4079166
Ɖ 13158600 7960953 6118749 4210752
Ə 15527148 7960953 6974058 3815994
Ɠ 14342874 7434609 7500402 3815994
Ƙ 13750737 7434609 6710886 4079166
Ɲ 11974326 8224125 6974058 3684408
Ɵ 14342874 7960953 6974058 3815994
ƣ 14342874 7960953 6974058 3223857
Ʊ 13158600 7697781 7500402 4210752
Ʋ 14342874 8224125 7237230 4210752
Ƴ 13750737 7171437 7500402 4934475
ƴ 14935011 8224125 6118749 4342338
Ƶ 14935011 7171437 6710886 4079166
ǈ 14342874 8487297 6974058 3552822
Ǒ 13750737 7171437 7500402 4210752
Ǔ 13750737 7697781 6974058 3947580
Ǖ 12566463 7434609 6974058 3947580
Ǘ 13750737 7960953 6974058 3947580
Ǚ 13750737 7960953 6974058 3947580
Ǜ 13750737 7960953 6974058 3947580
Ǥ 14342874 8224125 7500402 3552822
Ǧ 13750737 7434609 7500402 3815994
Ǫ 14342874 7960953 7500402 3815994
Ǭ 13750737 7171437 7500402 3815994
Ǵ 14342874 7697781 7500402 3815994
Ǹ 11974326 7697781 7500402 3684408
Ǿ 13750737 6908265 6710886 4079166
Ȍ 13750737 7171437 7500402 4210752
Ȏ 14342874 7434609 7500402 4210752
Ȕ 13750737 7434609 6974058 3947580
Ȗ 13750737 7960953 6974058 3947580
Ȟ 13750737 7434609 6974058 3947580
Ƞ 13158600 7697781 7500402 4079166
Ȣ 14342874 7960953 6381921 3552822
Ȥ 14935011 7434609 7237230 3815994
Ȫ 13158600 6908265 7500402 4210752
Ȭ 13158600 6645093 7500402 4210752
Ȯ 14342874 7697781 7500402 4210752
Ȱ 13750737 6908265 7500402 4210752
Ʉ 14342874 8224125 6118749 3421236
Ɋ 14342874 7171437 7500402 3684408
ɝ 14935011 8224125 7500402 3947580
ɞ 15527148 8224125 7500402 3815994
ɮ 12566463 8224125 6710886 3355443
ɷ 15527148 8487297 7237230 3815994
ɸ 14342874 6908265 6974058 3092271
ʍ 15527148 8750469 6710886 3684408
ʘ 14342874 7171437 6974058 3815994
ʚ 14935011 8487297 6974058 4079166
ʛ 14935011 6908265 6974058 4079166
ʠ 14342874 6908265 6974058 3552822
ʨ 13158600 7697781 6974058 3223857
Ͷ 14342874 7171437 6381921 4210752
Έ 12566463 8224125 6974058 3947580
Ζ 14935011 7434609 7237230 4342338
Η 14342874 8224125 6974058 3947580
Θ 14342874 7960953 7237230 3947580
Ν 11974326 8224125 7500402 3684408
Ο 14342874 7960953 7500402 4210752
Π 13158600 7434609 7500402 4342338
Ω 14342874 7960953 6974058 4079166
ά 13750737 7960953 6974058 3947580
α 14342874 8224125 6974058 3947580
φ 15527148 7697781 6974058 3092271
ψ 15527148 8224125 6974058 3092271
ϒ 14342874 7697781 8947848 4342338
ϔ 13750737 7434609 8947848 4342338
ϕ 14342874 6908265 6974058 3092271
Ϙ 14342874 7960953 7500402 3815994
Ϥ 13750737 7960953 7500402 3552822
Ϫ 13750737 7434609 7237230 3684408
ϴ 14342874 7960953 6974058 3815994
Ђ 12566463 8750469 7237230 3684408
Є 14342874 8224125 6974058 4079166
Ћ 12566463 8750469 7237230 4079166
Ќ 13158600 7171437 6710886 4210752
Ѝ 13750737 6908265 6381921 4210752
Џ 14342874 8224125 6974058 3684408
И 14342874 7171437 6381921 4210752
Й 13158600 6381921 6381921 4210752
К 13750737 7434609 6710886 4210752
Л 14342874 7434609 7500402 4342338
Н 14342874 8224125 6974058 3947580
О 14342874 7960953 7500402 4210752
П 13158600 7434609 7500402 4342338
Э 14935011 7960953 7500402 3815994
д 15527148 8224125 6381921 3684408
м 14342874 8224125 6710886 3815994
т 14935011 7960953 8947848 4342338
ц 15527148 8750469 6974058 3684408
ы 15527148 8750469 6381921 3815994
Ѣ 12566463 9013641 6974058 3815994
ѥ 15527148 8224125 6118749 3947580
ѧ 16777215 8487297 7237230 3684408
Ѫ 13158600 7171437 7500402 3684408
Ѳ 14342874 7960953 6974058 3815994
Ѵ 13750737 7697781 7237230 4342338
Ѷ 12566463 7171437 7237230 4342338
ѻ 14935011 7960953 7237230 4079166
Ҋ 13158600 6381921 6118749 3552822
Қ 13750737 7434609 6710886 3552822
Ҝ 13158600 7434609 6118749 4210752
Ҟ 13158600 7434609 6710886 4210752
Ң 14342874 8224125 6974058 3552822
ҭ 14935011 7960953 8947848 3947580
ҽ 14935011 7960953 6381921 3815994
ҿ 16119285 8224125 6381921 3552822
Ӆ 14342874 7434609 6974058 3815994
Ӈ 14342874 8224125 6974058 3552822
Ӊ 14342874 8224125 6974058 3421236
ӎ 14342874 8224125 6710886 3421236
Ә 15527148 7960953 6974058 3815994
Ӛ 14935011 7697781 6974058 3815994
Ӣ 13158600 6645093 6381921 4210752
Ӥ 13750737 6908265 6381921 4210752
Ӧ 13750737 7697781 7500402 4210752
Ө 14342874 7960953 6974058 3815994
Ӫ 13750737 7697781 6974058 3815994
Ӭ 14342874 7697781 7500402 3815994
ӹ 15527148 8224125 6381921 3815994
Ԏ 12566463 7960953 7829367 4079166
ԏ 13750737 8487297 7829367 4079166
Ԓ 14342874 7434609 7500402 3815994
Ԛ 14342874 7960953 7500402 3947580
Ԟ 13750737 6908265 6710886 4210752
Ա 14342874 8224125 6974058 3552822
Բ 13158600 7697781 6974058 4473924
Գ 13750737 7697781 7829367 3815994
Դ 13750737 7697781 8947848 4079166
Ե 13158600 8224125 6974058 4079166
Զ 14342874 7434609 7829367 3947580
Ը 13158600 7697781 6974058 4473924
Ժ 14342874 7171437 7237230 4210752
Կ 14342874 8750469 7500402 3815994
Հ 16119285 7697781 6974058 4342338
Ձ 14342874 7434609 6974058 3684408
Ղ 13750737 7697781 8947848 4079166
Ճ 14342874 7697781 6710886 3552822
Յ 15527148 7960953 6974058 3552822
Ն 11382189 9276813 6974058 4210752
Շ 12566463 7960953 6974058 4079166
Ո 13158600 7697781 7500402 4342338
Չ 13158600 7960953 8355711 3947580
Ջ 13750737 7434609 6974058 3552822
Ս 14342874 8224125 6974058 3947580
Վ 15527148 8224125 7829367 3684408
Ց 13750737 7697781 6974058 3815994
Ք 13158600 7434609 5263440 3947580
Օ 14342874 7960953 7500402 4210752
Ֆ 13750737 7434609 7829367 3223857
թ 14342874 8487297 6381921 3552822
ש 15527148 8224125 6710886 4210752
؉ 15527148 8487297 7500402 4671303
ئ 15527148 9276813 6974058 3092271
ق 16777215 8224125 6381921 3421236
ل 16777215 8224125 7500402 3815994
ن 16119285 9276813 6974058 3947580
ى 16777215 9276813 7500402 3092271
ي 16777215 9276813 7237230 2960685
ٯ 16777215 8750469 6381921 3421236
ٱ 15527148 7697781 8355711 3947580
ڧ 16777215 8487297 6381921 3421236
ڨ 16777215 7960953 6381921 3421236
ڵ 16777215 7434609 7500402 3815994
ڶ 16777215 7960953 7500402 3815994
ڷ 16777215 7434609 7500402 3815994
ڸ 16777215 8224125 7237230 3684408
ڹ 16119285 9276813 6974058 3947580
ں 16777215 9276813 6974058 3947580
ڻ 15527148 8750469 6381921 3815994
ڼ 16119285 9276813 6710886 3815994
ڽ 16119285 8750469 6974058 3947580
ی 16777215 9276813 7500402 3092271
ێ 15527148 9276813 7237230 3092271
ߝ 16777215 6908265 6381921 4079166
ߟ 13750737 7960953 8355711 3947580
ຂ 13750737 8224125 6381921 3815994
ຖ 12566463 8224125 6974058 3684408
ນ 13750737 8750469 6381921 4079166
ຜ 14342874 7697781 6381921 3092271
ຝ 13750737 7960953 6381921 3552822
ລ 14935011 8224125 6118749 3815994
ຯ 14342874 8487297 6974058 3421236
Ⴃ 11974326 6645093 6710886 3684408
Ⴆ 13158600 8750469 7829367 3552822
Ⴊ 11382189 8750469 7829367 3552822
Ⴎ 12566463 8224125 7829367 3947580
Ⴚ 14342874 8487297 7237230 4079166
დ 14935011 8487297 6381921 2960685
ო 14935011 8487297 7500402 3947580
ფ 14935011 8487297 6974058 2960685
ღ 14935011 8487297 6974058 3552822
ᐅ 12566463 8224125 6974058 4342338
ᐆ 11974326 8224125 6974058 4342338
ᐇ 11382189 8224125 6974058 4342338
ᐉ 12566463 8224125 6710886 4342338
ᐊ 14935011 7171437 7829367 3947580
ᐋ 14935011 6908265 7829367 3947580
ᐖ 11974326 7960953 6974058 4342338
ᐛ 14342874 6908265 7829367 3947580
ᐳ 14342874 8224125 7829367 4342338
ᐴ 13750737 8224125 7829367 4342338
ᐵ 13158600 8224125 7829367 4342338
ᐷ 14342874 8224125 7500402 4342338
ᐸ 14935011 7960953 7829367 4342338
ᐹ 14935011 7697781 7829367 4342338
ᑈ 14342874 7697781 7829367 4342338
ᑌ 14342874 8224125 6974058 3947580
ᑍ 11382189 6645093 7500402 4342338
ᑎ 13158600 7434609 7500402 4342338
ᑏ 12566463 7434609 7500402 4342338
ᑐ 14935011 7960953 8092539 4210752
ᑑ 14342874 7960953 8092539 4210752
ᑒ 14342874 7697781 8092539 4210752
ᑔ 14935011 7960953 7829367 4210752
ᑕ 14342874 8224125 7500402 4473924
ᑖ 14342874 7960953 7500402 4473924
ᑵ 13158600 7697781 7829367 3815994
ᑻ 15527148 7697781 6710886 3815994
ᑽ 15527148 7434609 6710886 3815994
ᒅ 13158600 6645093 7829367 3815994
ᒆ 13158600 6645093 6710886 4342338
ᒇ 15527148 6645093 6710886 3815994
ᒈ 13158600 7697781 6710886 3815994
ᒓ 13750737 7697781 8947848 4210752
ᒙ 16777215 8224125 7500402 3947580
ᒛ 16777215 7960953 7500402 3947580
ᒬ 16119285 7434609 8618883 4342338
ᒭ 14935011 7960953 8947848 4210752
ᒮ 14342874 8224125 7237230 4934475
ᒯ 13158600 8750469 7500402 4802889
ᒰ 14342874 7960953 7237230 4934475
ᒱ 12566463 8750469 7500402 4802889
ᒲ 16777215 8224125 8355711 3947580
ᒳ 16777215 8224125 8092539 4079166
ᒴ 16777215 7960953 8355711 3947580
ᒵ 16777215 7960953 8092539 4079166
ᒶ 14342874 9276813 7237230 4473924
ᒷ 14342874 9276813 6974058 4539717
ᒸ 13750737 9276813 7237230 4473924
ᒹ 13750737 9276813 6974058 4539717
ᒺ 13158600 9276813 6381921 4473924
ᓬ 13158600 7697781 7500402 3684408
ᓷ 13158600 9276813 8947848 3947580
ᓹ 16777215 7697781 6974058 4802889
ᓻ 16777215 7434609 6974058 4802889
ᓽ 16777215 8224125 7237230 4473924
ᓿ 16777215 7960953 7237230 4473924
ᔁ 14342874 9276813 8092539 4079166
ᔃ 13750737 9276813 8092539 4079166
ᔐ 13158600 8487297 8947848 3684408
ᔑ 16777215 7171437 6974058 4473924
ᔒ 16777215 6908265 6974058 4473924
ᔰ 13750737 8487297 8092539 3947580
ᔶ 16777215 8224125 6710886 4079166
ᔸ 16777215 7960953 6710886 4079166
ᕏ 13158600 8487297 8355711 3947580
ᕒ 13750737 7171437 6974058 3947580
ᕗ 11974326 8487297 8092539 4210752
ᕘ 11382189 8487297 8092539 4210752
ᕙ 15527148 6908265 7500402 4473924
ᕚ 15527148 6645093 7500402 4473924
ᕞ 11974326 8224125 6974058 3947580
ᕟ 14342874 7171437 6974058 3947580
ᕠ 13158600 7697781 6118749 4342338
ᕡ 13158600 7697781 7500402 3815994
ᕢ 12566463 7697781 6118749 4342338
ᕣ 12566463 7697781 7500402 3815994
ᕤ 11974326 7697781 8092539 4079166
ᕥ 11382189 7697781 8092539 4079166
ᕦ 13750737 6908265 7237230 4473924
ᕧ 13750737 6645093 7237230 4473924
ᕼ 14342874 8224125 6974058 3947580
ᗞ 13158600 7960953 6974058 4210752
ᗡ 14342874 7434609 7500402 3947580
ᚂ 16777215 9276813 5592405 3815994
ᚇ 13158600 8487297 7237230 4210752
ᚌ 15527148 7697781 6118749 3421236
ᚑ 15527148 9013641 5592405 3815994
ᚖ 14935011 8224125 6118749 3421236
ᚗ 16777215 9276813 5592405 3355443
ᴁ 14935011 7960953 6974058 3552822
ᴍ 14342874 8224125 6710886 3815994
ᴝ 14935011 8224125 7237230 3947580
ᴥ 16119285 8750469 5592405 2829099
Ḋ 12566463 7960953 6974058 4210752
Ḍ 13158600 7960953 6710886 4079166
Ḏ 13158600 7960953 6381921 3947580
Ḑ 13158600 7960953 6710886 3947580
Ḓ 13158600 7960953 6381921 3947580
Ḡ 13750737 7434609 7500402 3815994
Ḣ 14342874 7960953 6974058 3947580
Ḥ 14342874 8224125 6974058 3684408
Ḧ 14342874 7697781 6974058 3947580
Ḩ 14342874 8224125 6118749 3947580
Ḫ 14342874 8224125 6710886 3552822
Ṅ 11382189 8224125 7500402 3684408
Ṇ 11974326 8224125 7237230 3552822
Ṉ 11974326 8224125 6974058 3421236
Ṋ 11974326 8224125 6974058 3421236
Ṍ 13158600 6908265 7500402 4210752
Ṏ 13158600 6908265 7500402 4210752
Ṑ 13750737 7171437 7500402 4210752
Ṓ 13750737 7171437 7500402 4210752
Ṳ 14342874 8224125 6710886 3815994
Ṵ 14342874 8224125 6118749 3355443
Ṷ 14342874 8224125 6381921 3684408
Ṹ 12566463 7434609 6974058 3947580
Ṻ 13158600 7697781 6974058 3947580
ẁ 15527148 7697781 6710886 3947580
ẃ 15527148 7697781 6710886 3947580
ẅ 15527148 7697781 6710886 3947580
ẇ 15527148 7960953 6710886 3947580
ẉ 15527148 8224125 6710886 3684408
Ẑ 13750737 6908265 7237230 4342338
Ẓ 14935011 7434609 6974058 4210752
Ẕ 14935011 7434609 6710886 4079166
ẘ 14342874 6645093 6710886 3947580
ẞ 14342874 7697781 7500402 3421236
Ọ 14342874 7960953 7500402 3947580
Ỏ 14342874 6645093 7500402 4210752
Ố 13750737 6908265 7500402 4210752
Ồ 13750737 6908265 7500402 4210752
Ổ 13750737 6645093 7500402 4210752
Ỗ 13750737 7171437 7500402 4210752
Ộ 13750737 7434609 7500402 3947580
Ụ 14342874 8224125 6710886 3815994
Ủ 13750737 7171437 6974058 3947580
Ỻ 14342874 8224125 6974058 3815994
Ἄ 11974326 7697781 7237230 3947580
Ἆ 8947848 8224125 6974058 4079166
Ἇ 10132122 7697781 7237230 3947580
Ἐ 11382189 8224125 6974058 3947580
Ἑ 11382189 8224125 6974058 3947580
Ὑ 12566463 7960953 8947848 4210752
ᾌ 11974326 7697781 7237230 3947580
ᾎ 8947848 8224125 6974058 4079166
ᾏ 10132122 7697781 7237230 3947580
Ὰ 13158600 8224125 6974058 4079166
Έ 12566463 8224125 6974058 3947580
ῌ 14342874 8224125 6974058 3947580
ῼ 14342874 7960953 6974058 4079166
⁈ 13750737 7697781 7829367 4473924
⁉ 13158600 7960953 7829367 4473924
₦ 11382189 7434609 6974058 3421236
₪ 13158600 6908265 6381921 3552822
₴ 13158600 6645093 6710886 3355443
ℌ 14342874 7960953 6381921 3947580
ℒ 14342874 8487297 6974058 4473924
ℚ 13158600 6908265 6118749 3223857
ℤ 14342874 6908265 6710886 4079166
Ω 14342874 7960953 6974058 4079166
℧ 13158600 7697781 7500402 4210752
ℬ 14342874 6908265 7237230 3684408
ℱ 13750737 7434609 7829367 4210752
ℵ 14342874 7697781 6381921 4210752
ℽ 13750737 8487297 7829367 3421236
⅁ 13750737 7434609 6974058 3684408
ⅆ 14935011 6908265 5855577 3552822
⅋ 13158600 6908265 8355711 3552822
Ⅾ 13158600 7960953 6974058 4210752
∊ 15527148 8487297 6710886 4210752
∍ 14935011 8487297 7237230 4079166
∏ 13158600 7434609 6974058 4079166
∐ 14342874 8224125 6381921 3684408
∝ 15527148 9013641 7500402 4210752
∧ 16119285 8487297 7500402 4342338
∨ 15527148 8750469 7829367 4210752
∩ 15527148 8487297 7500402 4342338
∪ 15527148 8750469 7500402 4210752
∬ 14342874 7697781 6710886 3947580
∯ 14342874 7171437 5263440 2960685
⊌ 15527148 8750469 6974058 4079166
⊍ 15527148 8750469 6974058 4210752
⊎ 15527148 8750469 7237230 3684408
⊓ 13750737 7697781 7500402 4342338
⊔ 14935011 8487297 6974058 3947580
⊻ 14342874 7960953 7237230 3947580
⊼ 14342874 7434609 7500402 4342338
⊽ 13750737 7697781 7829367 4210752
⋎ 15527148 8750469 8092539 4342338
⋏ 16777215 8750469 7500402 4210752
⋴ 15527148 8487297 6710886 4079166
⋷ 13750737 7697781 6710886 4210752
⋼ 14935011 8487297 6710886 4079166
⋾ 13158600 7697781 7237230 4079166
⍽ 16777215 9276813 6974058 3947580
⎧ 16777215 7171437 8947848 3947580
⎨ 16777215 7697781 7500402 4079166
⎩ 16777215 7697781 8947848 3552822
⎪ 16777215 7697781 8947848 3947580
⎫ 14935011 7960953 8947848 3947580
⎬ 16777215 7697781 8947848 3421236
⎭ 16777215 7697781 7829367 4079166
⏥ 16777215 9276813 6710886 3684408
▀ 7171437 3947580 6710886 3684408
▁ 16777215 9276813 6710886 3684408
▂ 16777215 9276813 5592405 3092271
▃ 16777215 9276813 3355443 1842204
▄ 16777215 9276813 2236962 1184274
▅ 16777215 9276813 0 0
▆ 14342874 7960953 0 0
▇ 9539985 5263440 0 0
█ 7171437 3947580 0 0
▉ 7171437 5000268 0 986895
▊ 7171437 6118749 0 1973790
▋ 7171437 7171437 0 2960685
▌ 7171437 8224125 0 3947580
▍ 9539985 9276813 2236962 4934475
▎ 11974326 9276813 4473924 4934475
▏ 14342874 9276813 6710886 4934475
▐ 16777215 5000268 8947848 986895
░ 15527148 8750469 6710886 3947580
▒ 11974326 6645093 4473924 2236962
▓ 8355711 4473924 2236962 986895
▔ 11974326 6645093 8947848 4934475
▕ 16777215 8224125 8947848 3947580
▖ 16777215 9276813 2236962 4210752
▗ 16777215 9276813 8947848 1973790
▘ 7171437 8224125 6710886 4671303
▙ 7171437 8224125 0 986895
▚ 7171437 8224125 6710886 1710618
▛ 7171437 3947580 0 2960685
▜ 7171437 3947580 6710886 723723
▝ 16777215 5000268 8947848 3947580
▞ 16777215 5000268 2236962 3223857
▟ 16777215 5000268 2236962 197379
▰ 16777215 9276813 5592405 2960685
▱ 16777215 9276813 6710886 3684408
▲ 16777215 8487297 5592405 2302755
△ 16119285 8750469 6381921 3684408
▶ 13158600 9276813 2763306 3355443
▷ 13750737 9276813 6381921 3815994
► 15527148 9276813 4144959 3947580
▻ 15527148 9276813 6118749 4079166
▼ 10724259 5592405 7237230 3092271
▽ 13158600 7434609 7500402 4210752
◀ 16777215 7697781 6710886 1710618
◁ 16777215 7960953 7237230 3552822
◄ 16777215 8750469 7500402 2434341
◅ 16777215 8750469 7500402 3421236
◆ 14935011 7697781 5263440 2105376
◇ 15527148 8487297 7500402 4079166
◈ 15527148 8224125 5855577 2697513
◢ 16777215 8487297 7237230 1579032
◣ 14935011 9276813 2500134 3552822
◤ 9539985 6118749 3881787 4539717
◥ 11382189 5263440 8618883 2434341
◬ 16119285 8750469 6381921 3421236
◭ 16777215 8487297 5592405 3092271
◮ 16119285 8750469 6381921 2960685
◸ 13158600 7434609 6381921 4671303
◹ 13158600 7434609 8618883 3684408
◺ 14935011 9276813 5855577 3947580
◽ 14935011 8224125 6974058 3947580
◾ 14935011 8224125 4737096 2434341
◿ 16777215 8487297 7500402 3355443
☥ 13750737 7434609 8947848 4342338
☧ 16777215 5263440 6974058 3684408
☬ 13750737 7171437 6118749 3552822
♀ 14342874 7434609 7500402 3815994
♁ 14342874 6908265 6710886 4210752
♰ 14935011 7697781 8355711 4210752
♱ 14342874 7697781 7500402 4079166
⚲ 14342874 7434609 8092539 4079166
⚳ 15527148 7434609 8355711 3684408
⚴ 13750737 7434609 7829367 3815994
⚵ 13750737 6908265 7829367 3684408
⚷ 16777215 7697781 7829367 3684408
⚸ 13750737 9013641 7500402 4210752
⛢ 14342874 6908265 6710886 3947580
⠀ 16777215 9276813 8947848 4934475
⠁ 14342874 9276813 8947848 4934475
⠂ 15527148 9276813 8355711 4934475
⠃ 13158600 9276813 8355711 4934475
⠄ 16777215 9276813 7829367 4934475
⠅ 14342874 9276813 7829367 4934475
⠆ 15527148 9276813 7237230 4934475
⠇ 13158600 9276813 7237230 4934475
⠈ 16777215 8224125 8947848 4934475
⠉ 14342874 8224125 8947848 4934475
⠊ 15527148 8224125 8355711 4934475
⠋ 13158600 8224125 8355711 4934475
⠌ 16777215 8224125 7829367 4934475
⠍ 14342874 8224125 7829367 4934475
⠎ 15527148 8224125 7237230 4934475
⠏ 13158600 8224125 7237230 4934475
⠐ 16777215 8750469 8947848 4671303
⠑ 14342874 8750469 8947848 4671303
⠒ 15527148 8750469 8355711 4671303
⠓ 13158600 8750469 8355711 4671303
⠔ 16777215 8750469 7829367 4671303
⠕ 14342874 8750469 7829367 4671303
⠖ 15527148 8750469 7237230 4671303
⠗ 13158600 8750469 7237230 4671303
⠘ 16777215 7697781 8947848 4671303
⠙ 14342874 7697781 8947848 4671303
⠚ 15527148 7697781 8355711 4671303
⠛ 13158600 7697781 8355711 4671303
⠜ 16777215 7697781 7829367 4671303
⠝ 14342874 7697781 7829367 4671303
⠞ 15527148 7697781 7237230 4671303
⠟ 13158600 7697781 7237230 4671303
⠠ 16777215 9276813 8947848 4473924
⠡ 14342874 9276813 8947848 4473924
⠢ 15527148 9276813 8355711 4473924
⠣ 13158600 9276813 8355711 4473924
⠤ 16777215 9276813 7829367 4473924
⠥ 14342874 9276813 7829367 4473924
⠦ 15527148 9276813 7237230 4473924
⠧ 13158600 9276813 7237230 4473924
⠨ 16777215 8224125 8947848 4473924
⠩ 14342874 8224125 8947848 4473924
⠪ 15527148 8224125 8355711 4473924
⠫ 13158600 8224125 8355711 4473924
⠬ 16777215 8224125 7829367 4473924
⠭ 14342874 8224125 7829367 4473924
⠮ 15527148 8224125 7237230 4473924
⠯ 13158600 8224125 7237230 4473924
⠰ 16777215 8750469 8947848 4210752
⠱ 14342874 8750469 8947848 4210752
⠲ 15527148 8750469 8355711 4210752
⠳ 13158600 8750469 8355711 4210752
⠴ 16777215 8750469 7829367 4210752
⠵ 14342874 8750469 7829367 4210752
⠶ 15527148 8750469 7237230 4210752
⠷ 13158600 8750469 7237230 4210752
⠸ 16777215 7697781 8947848 4210752
⠹ 14342874 7697781 8947848 4210752
⠺ 15527148 7697781 8355711 4210752
⠻ 13158600 7697781 8355711 4210752
⠼ 16777215 7697781 7829367 4210752
⠽ 14342874 7697781 7829367 4210752
⠾ 15527148 7697781 7237230 4210752
⠿ 13158600 7697781 7237230 4210752
⡀ 16777215 9276813 7829367 4934475
⡁ 14342874 9276813 7829367 4934475
⡂ 15527148 9276813 7237230 4934475
⡃ 13158600 9276813 7237230 4934475
⡄ 16777215 9276813 6710886 4934475
⡅ 14342874 9276813 6710886 4934475
⡆ 15527148 9276813 6118749 4934475
⡇ 13158600 9276813 6118749 4934475
⡈ 16777215 8224125 7829367 4934475
⡉ 14342874 8224125 7829367 4934475
⡊ 15527148 8224125 7237230 4934475
⡋ 13158600 8224125 7237230 4934475
⡌ 16777215 8224125 6710886 4934475
⡍ 14342874 8224125 6710886 4934475
⡎ 15527148 8224125 6118749 4934475
⡏ 13158600 8224125 6118749 4934475
⡐ 16777215 8750469 7829367 4671303
⡑ 14342874 8750469 7829367 4671303
⡒ 15527148 8750469 7237230 4671303
⡓ 13158600 8750469 7237230 4671303
⡔ 16777215 8750469 6710886 4671303
⡕ 14342874 8750469 6710886 4671303
⡖ 15527148 8750469 6118749 4671303
⡗ 13158600 8750469 6118749 4671303
⡘ 16777215 7697781 7829367 4671303
⡙ 14342874 7697781 7829367 4671303
⡚ 15527148 7697781 7237230 4671303
⡛ 13158600 7697781 7237230 4671303
⡜ 16777215 7697781 6710886 4671303
⡝ 14342874 7697781 6710886 4671303
⡞ 15527148 7697781 6118749 4671303
⡟ 13158600 7697781 6118749 4671303
⡠ 16777215 9276813 7829367 4473924
⡡ 14342874 9276813 7829367 4473924
⡢ 15527148 9276813 7237230 4473924
⡣ 13158600 9276813 7237230 4473924
⡤ 16777215 9276813 6710886 4473924
⡥ 14342874 9276813 6710886 4473924
⡦ 15527148 9276813 6118749 4473924
⡧ 13158600 9276813 6118749 4473924
⡨ 16777215 8224125 7829367 4473924
⡩ 14342874 8224125 7829367 4473924
⡪ 15527148 8224125 7237230 4473924
⡫ 13158600 8224125 7237230 4473924
⡬ 16777215 8224125 6710886 4473924
⡭ 14342874 8224125 6710886 4473924
⡮ 15527148 8224125 6118749 4473924
⡯ 13158600 8224125 6118749 4473924
⡰ 16777215 8750469 7829367 4210752
⡱ 14342874 8750469 7829367 4210752
⡲ 15527148 8750469 7237230 4210752
⡳ 13158600 8750469 7237230 4210752
⡴ 16777215 8750469 6710886 4210752
⡵ 14342874 8750469 6710886 4210752
⡶ 15527148 8750469 6118749 4210752
⡷ 13158600 8750469 6118749 4210752
⡸ 16777215 7697781 7829367 4210752
⡹ 14342874 7697781 7829367 4210752
⡺ 15527148 7697781 7237230 4210752
⡻ 13158600 7697781 7237230 4210752
⡼ 16777215 7697781 6710886 4210752
⡽ 14342874 7697781 6710886 4210752
⡾ 15527148 7697781 6118749 4210752
⡿ 13158600 7697781 6118749 4210752
⢀ 16777215 9276813 8947848 4473924
⢁ 14342874 9276813 8947848 4473924
⢂ 15527148 9276813 8355711 4473924
⢃ 13158600 9276813 8355711 4473924
⢄ 16777215 9276813 7829367 4473924
⢅ 14342874 9276813 7829367 4473924
⢆ 15527148 9276813 7237230 4473924
⢇ 13158600 9276813 7237230 4473924
⢈ 16777215 8224125 8947848 4473924
⢉ 14342874 8224125 8947848 4473924
⢊ 15527148 8224125 8355711 4473924
⢋ 13158600 8224125 8355711 4473924
⢌ 16777215 8224125 7829367 4473924
⢍ 14342874 8224125 7829367 4473924
⢎ 15527148 8224125 7237230 4473924
⢏ 13158600 8224125 7237230 4473924
⢐ 16777215 8750469 8947848 4210752
⢑ 14342874 8750469 8947848 4210752
⢒ 15527148 8750469 8355711 4210752
⢓ 13158600 8750469 8355711 4210752
⢔ 16777215 8750469 7829367 4210752
⢕ 14342874 8750469 7829367 4210752
⢖ 15527148 8750469 7237230 4210752
⢗ 13158600 8750469 7237230 4210752
⢘ 16777215 7697781 8947848 4210752
⢙ 14342874 7697781 8947848 4210752
⢚ 15527148 7697781 8355711 4210752
⢛ 13158600 7697781 8355711 4210752
⢜ 16777215 7697781 7829367 4210752
⢝ 14342874 7697781 7829367 4210752
⢞ 15527148 7697781 7237230 4210752
⢟ 13158600 7697781 7237230 4210752
⢠ 16777215 9276813 8947848 3947580
⢡ 14342874 9276813 8947848 3947580
⢢ 15527148 9276813 8355711 3947580
⢣ 13158600 9276813 8355711 3947580
⢤ 16777215 9276813 7829367 3947580
⢥ 14342874 9276813 7829367 3947580
⢦ 15527148 9276813 7237230 3947580
⢧ 13158600 9276813 7237230 3947580
⢨ 16777215 8224125 8947848 3947580
⢩ 14342874 8224125 8947848 3947580
⢪ 15527148 8224125 8355711 3947580
⢫ 13158600 8224125 8355711 3947580
⢬ 16777215 8224125 7829367 3947580
⢭ 14342874 8224125 7829367 3947580
⢮ 15527148 8224125 7237230 3947580
⢯ 13158600 8224125 7237230 3947580
⢰ 16777215 8750469 8947848 3684408
⢱ 14342874 8750469 8947848 3684408
⢲ 15527148 8750469 8355711 3684408
⢳ 13158600 8750469 8355711 3684408
⢴ 16777215 8750469 7829367 3684408
⢵ 14342874 8750469 7829367 3684408
⢶ 15527148 8750469 7237230 3684408
⢷ 13158600 8750469 7237230 3684408
⢸ 16777215 7697781 8947848 3684408
⢹ 14342874 7697781 8947848 3684408
⢺ 15527148 7697781 8355711 3684408
⢻ 13158600 7697781 8355711 3684408
⢼ 16777215 7697781 7829367 3684408
⢽ 14342874 7697781 7829367 3684408
⢾ 15527148 7697781 7237230 3684408
⢿ 13158600 7697781 7237230 3684408
⣀ 16777215 9276813 7829367 4473924
⣁ 14342874 9276813 7829367 4473924
⣂ 15527148 9276813 7237230 4473924
⣃ 13158600 9276813 7237230 4473924
⣄ 16777215 9276813 6710886 4473924
⣅ 14342874 9276813 6710886 4473924
⣆ 15527148 9276813 6118749 4473924
⣇ 13158600 9276813 6118749 4473924
⣈ 16777215 8224125 7829367 4473924
⣉ 14342874 8224125 7829367 4473924
⣊ 15527148 8224125 7237230 4473924
⣋ 13158600 8224125 7237230 4473924
⣌ 16777215 8224125 6710886 4473924
⣍ 14342874 8224125 6710886 4473924
⣎ 15527148 8224125 6118749 4473924
⣏ 13158600 8224125 6118749 4473924
⣐ 16777215 8750469 7829367 4210752
⣑ 14342874 8750469 7829367 4210752
⣒ 15527148 8750469 7237230 4210752
⣓ 13158600 8750469 7237230 4210752
⣔ 16777215 8750469 6710886 4210752
⣕ 14342874 8750469 6710886 4210752
⣖ 15527148 8750469 6118749 4210752
⣗ 13158600 8750469 6118749 4210752
⣘ 16777215 7697781 7829367 4210752
⣙ 14342874 7697781 7829367 4210752
⣚ 15527148 7697781 7237230 4210752
⣛ 13158600 7697781 7237230 4210752
⣜ 16777215 7697781 6710886 4210752
⣝ 14342874 7697781 6710886 4210752
⣞ 15527148 7697781 6118749 4210752
⣟ 13158600 7697781 6118749 4210752
⣠ 16777215 9276813 7829367 3947580
⣡ 14342874 9276813 7829367 3947580
⣢ 15527148 9276813 7237230 3947580
⣣ 13158600 9276813 7237230 3947580
⣤ 16777215 9276813 6710886 3947580
⣥ 14342874 9276813 6710886 3947580
⣦ 15527148 9276813 6118749 3947580
⣧ 13158600 9276813 6118749 3947580
⣨ 16777215 8224125 7829367 3947580
⣩ 14342874 8224125 7829367 3947580
⣪ 15527148 8224125 7237230 3947580
⣫ 13158600 8224125 7237230 3947580
⣬ 16777215 8224125 6710886 3947580
⣭ 14342874 8224125 6710886 3947580
⣮ 15527148 8224125 6118749 3947580
⣯ 13158600 8224125 6118749 3947580
⣰ 16777215 8750469 7829367 3684408
⣱ 14342874 8750469 7829367 3684408
⣲ 15527148 8750469 7237230 3684408
⣳ 13158600 8750469 7237230 3684408
⣴ 16777215 8750469 6710886 3684408
⣵ 14342874 8750469 6710886 3684408
⣶ 15527148 8750469 6118749 3684408
⣷ 13158600 8750469 6118749 3684408
⣸ 16777215 7697781 7829367 3684408
⣹ 14342874 7697781 7829367 3684408
⣺ 15527148 7697781 7237230 3684408
⣻ 13158600 7697781 7237230 3684408
⣼ 16777215 7697781 6710886 3684408
⣽ 14342874 7697781 6710886 3684408
⣾ 15527148 7697781 6118749 3684408
⣿ 13158600 7697781 6118749 3684408
⦃ 16777215 6645093 8355711 3092271
⦄ 13158600 8224125 6381921 3947580
⬖ 14935011 7960953 5263440 3421236
⬗ 15527148 8224125 7500402 2697513
⬘ 14935011 7697781 6118749 3223857
⬙ 15527148 8487297 6710886 2960685
Ⱨ 14342874 8224125 6974058 3552822
Ɑ 14342874 7171437 7500402 3815994
Ɒ 13158600 7960953 6974058 4079166
ⱱ 14935011 7960953 7500402 4210752
ⴀ 14935011 8224125 7237230 4079166
ⴆ 13158600 7960953 6974058 3684408
ⴤ 15527148 8750469 6118749 3223857
ⴵ 13158600 7434609 7237230 3947580
ⵃ 16777215 7697781 7829367 4079166
ⵄ 16777215 8224125 6974058 3947580
ⵅ 14342874 7171437 7829367 4342338
ⵌ 12566463 7171437 6710886 3815994
ⵍ 14342874 7171437 6381921 4210752
ⵐ 14935011 7434609 8092539 3947580
ⵒ 13750737 6908265 6710886 3815994
ⵖ 14342874 8224125 8092539 3947580
ⵘ 16119285 8750469 8618883 4473924
ⵜ 16777215 8224125 8092539 3947580
ⵡ 14342874 8224125 6974058 3947580
ⵣ 14342874 7171437 7829367 3815994
ⵥ 14342874 7171437 7237230 3552822
Ꙩ 14342874 7960953 7500402 3947580
ꙫ 14935011 8487297 6974058 3947580
Ꚋ 12566463 8487297 7500402 3421236
Ꜧ 14342874 8224125 6974058 3552822
ꜩ 13158600 8224125 6710886 3684408
Ꝓ 14342874 7697781 6118749 4473924
ꝓ 15527148 8224125 5000268 3684408
Ꝗ 14342874 7171437 6974058 3355443
Ꞃ 11974326 7434609 6974058 3684408
Ꞇ 12566463 7960953 7500402 4473924
Ꞑ 11974326 8224125 7500402 3092271
 13750737 7434609 6974058 3684408
 10132122 6908265 7237230 3684408
 11974326 7960953 7500402 3815994
 13158600 5592405 6974058 3552822
 13158600 7171437 6974058 3552822
 9539985 7171437 6381921 3552822
 11974326 6118749 6710886 3421236
ﬢ 14935011 7697781 8947848 4342338
ﬤ 14935011 8224125 8092539 3947580
שׁ 15527148 7960953 6710886 4210752
שׂ 14935011 8224125 6710886 4210752
שּׁ 15527148 7960953 6710886 4079166
שּׂ 14935011 8224125 6710886 4079166
שּ 15527148 8224125 6381921 4210752
ﮞ 16777215 9276813 6974058 3947580
ﮟ 16777215 9276813 6974058 3815994
ﮠ 15527148 8750469 6381921 3815994
ﮡ 16119285 9276813 6118749 3421236
ﯼ 16777215 9276813 7500402 3092271
ﺉ 15527148 9276813 6974058 3092271
ﻕ 16777215 8224125 6381921 3421236
ﻝ 16777215 8224125 7500402 3815994
ﻞ 16777215 8224125 7237230 3552822
ﻥ 16119285 9276813 6974058 3947580
ﻦ 16777215 9276813 6710886 3815994
ﻯ 16777215 9276813 7500402 3092271
ﻱ 16777215 9276813 7237230 2960685
